w/o CONVECTION
teff =        9332.5430 K
Sigma =        140.82223 g/cm^2
alpha =      0.098050887
h =    9.7675170e+08 cm
tau =        2820.1293
mstar =      0.99971594 Msol
radius =   1.4791084e+10 cm
