w/o CONVECTION
teff =        11481.536 K
Sigma =        247.38503 g/cm^2
alpha =      0.098821736
h =    1.1757836e+09 cm
tau =        3048.2081
mstar =      0.99971594 Msol
radius =   1.4791084e+10 cm
