w/o CONVECTION
teff =        7079.4578 K
Sigma =        402.58385 g/cm^2
alpha =     0.0097926089
h =    9.7388301e+08 cm
tau =        13279.819
mstar =      0.99971594 Msol
radius =   1.4791084e+10 cm
