w/o CONVECTION
teff =        2344.2288 K
Sigma =        120.65600 g/cm^2
alpha =      0.031410801
h =        51757444. cm
tau =        2.5796278
mstar =      0.99971594 Msol
radius =   1.4791084e+10 cm
